.Random.seed <-
c(403L, 1L, 1553807229L, -1616524169L, 1187336606L, -1528207272L, 
-1902144069L, -1206936743L, 899647720L, -84866794L, -1192666479L, 
-1356163261L, -295722414L, -1390254876L, -254685401L, 1414572925L, 
-557183372L, -1227222950L, 1087686821L, -849306945L, 1499357510L, 
-737830960L, -644234765L, 1460137233L, -217577152L, -1484564194L, 
-1481957911L, -1181249765L, -1964287702L, -221629876L, -457257457L, 
274424133L, -1457763588L, 1097441618L, 949290701L, -391627129L, 
468715886L, -954989752L, 1464088395L, 1112997545L, 1364239352L, 
-2086552794L, -977785791L, -1140056621L, -664776830L, -940915788L, 
2119400247L, -76703187L, 312531780L, 44970090L, 2131725013L, 
1359139951L, -377598602L, 1256740512L, -413904029L, -1505347583L, 
-803421328L, -1206637810L, 814269817L, -1007771381L, 1887724090L, 
-760497860L, 1874171519L, 773340629L, 1660744684L, 1639998786L, 
383171229L, -590457065L, 613873278L, 1959884344L, 852529435L, 
-1997261191L, -106483000L, 967918326L, 1422904113L, -241403037L, 
-815214286L, -1868696956L, -982147385L, -2065767011L, -1459654380L, 
472588218L, 2007783941L, -217207841L, 431981158L, 429620720L, 
-500380909L, 510809265L, -58087584L, 791471358L, 484910217L, 
1859322811L, -1863406198L, -1225937812L, -1117878801L, -749609435L, 
-2030716196L, 875131058L, 880526253L, -1230424217L, 1684636814L, 
-1667956376L, -1048903317L, -2108902647L, 940680600L, -919530298L, 
-1189515743L, -323072333L, 1275704354L, 382447124L, 1967514263L, 
-2057978739L, 1819373988L, -1483351158L, 1616787445L, -1260063153L, 
1329697110L, -1348633600L, 1462515011L, -1374340895L, 728945232L, 
-1632391506L, -460031399L, -379026837L, -376248358L, 1541081244L, 
-807630177L, 363047157L, -1094585972L, 1001782370L, 148933693L, 
1344257719L, 769154398L, -1120516968L, 1451470843L, -1097861735L, 
430835240L, -1355268394L, 1516493649L, -916161021L, -579182190L, 
1847803684L, 1565307367L, -1025761731L, -237975372L, -1504764134L, 
-809610139L, -243557121L, 1732906374L, 1120060176L, -1842341965L, 
676101201L, 1145315328L, -1084600098L, 121236265L, 397792987L, 
1245627882L, 1768525196L, -2010815793L, 320593541L, -1247822532L, 
-317259758L, -2078724339L, 1966263367L, -1264452050L, -2092333176L, 
307204747L, 1095918697L, -708327368L, -1450688282L, -148371327L, 
453308435L, -1459308606L, -1844096908L, -1838569865L, 382777197L, 
-361502716L, -760265942L, 164214933L, -128489681L, 1063898678L, 
-847193504L, -67131229L, -1181611071L, -810629200L, 34042574L, 
723177529L, 641861195L, 1967459322L, 39466748L, -1963926721L, 
-1520151531L, 205836076L, 915760130L, -933509411L, -1699121705L, 
-757251906L, -387878152L, -578594597L, -868029639L, 1074519688L, 
814467638L, -1697971599L, -1817528157L, -714354190L, -1639136956L, 
1615419911L, -510859299L, 629162196L, -1378361350L, 970282821L, 
1733727135L, 1105099046L, -250345040L, 1544929875L, -1055904399L, 
1975614624L, -1256301506L, -141651127L, -1713462789L, 1280017866L, 
320326444L, -1553145041L, 1050302949L, -503348068L, -1543048974L, 
-291419795L, 347252391L, 1635354830L, -810823084L, -342157678L, 
-1113978080L, -2058990644L, 1446323424L, -228791614L, -542711768L, 
-437115988L, 1217348284L, -636580366L, 1252150832L, -1026816092L, 
1240909240L, 951928666L, 2087299216L, -125353092L, -2000225516L, 
-2093563582L, -1182379264L, -1321830468L, 1305297744L, 82226466L, 
836060744L, -810547188L, 1675917404L, -732872238L, 480190976L, 
-74811052L, 1255285992L, 1584594170L, 570556112L, 1348564268L, 
-1966655244L, -1224434286L, -2040327840L, -2044833780L, -527456544L, 
2118109794L, -1528789336L, -2024393140L, 90440572L, -414640846L, 
569669232L, -560698556L, -425020456L, -221925510L, -266909136L, 
750853052L, -434978220L, 1989272642L, 1779048608L, 551004860L, 
1870310864L, -1705838750L, 864119528L, -1394510644L, -1214448132L, 
-607196686L, -687552896L, -1026734604L, -324291960L, 1943736122L, 
-1977569456L, 1109769324L, -1952828012L, -1116351406L, -242624032L, 
898837708L, -798156640L, -174474878L, 833128680L, 813894380L, 
-20941508L, -156863374L, 489852016L, -1517603804L, 1838022712L, 
-1008012518L, 1905665232L, 1879655228L, -1676144748L, -314919038L, 
-1705484864L, 809865788L, 1918572944L, 1798218274L, 1325989128L, 
1396646540L, -1498142948L, 83941522L, 2081851776L, -924440044L, 
802222888L, -1975140806L, 564953552L, 1662207340L, -381412428L, 
-1344386030L, -871958048L, -2737204L, 956823776L, -1184878558L, 
-916443864L, -2140254708L, 332409660L, -315530254L, -1489662224L, 
2145980996L, -587362728L, -779603142L, -266952208L, -2059977028L, 
-1642214124L, -1599416638L, -863168416L, -262027396L, -1605899312L, 
-829387486L, -110487896L, -125228148L, 660446396L, -1123743950L, 
4725312L, 1212342452L, 2112145992L, 1472892346L, 1303355920L, 
713299692L, -1449642668L, 2079536402L, -805774944L, -523323700L, 
-1720234400L, -134349886L, -372397272L, -1777140820L, -72728772L, 
-776725134L, 1395625776L, 1009628452L, -119373000L, -986923302L, 
1545333648L, -1521231108L, 793494420L, -2137022398L, -103448320L, 
1011326012L, 1056363856L, 739733666L, -188209848L, -1924150516L, 
-1908921636L, 1422692690L, -343979904L, 1628941396L, 129811432L, 
1360420090L, 2053635920L, -521144532L, 289127796L, 823426962L, 
1348312160L, -1660549748L, -636587168L, 1666733538L, 888652712L, 
-1949775668L, 1390515196L, 982335922L, 988114416L, -1873575996L, 
422644056L, 225049978L, 356591536L, -971719236L, -1244695468L, 
-581822526L, -77264864L, -521928516L, 827029072L, -1271203870L, 
400873576L, 1448507468L, -555588356L, 381757426L, -818094848L, 
142476660L, 987447304L, -2094455878L, -947403312L, 1764638700L, 
435340692L, -1987542574L, 398219616L, -271344820L, 131899680L, 
-394131582L, -1103266072L, 1422354668L, 1539229756L, -437407886L, 
1721224816L, -1669764060L, -714580168L, -804295526L, -1556557104L, 
-646229828L, -1603883372L, 1189817986L, -1133436736L, -74242244L, 
-1087106928L, -835998174L, -680547320L, -1568240372L, 1471622300L, 
-1060523502L, -1037700224L, 1760548372L, 1174892072L, 1575968058L, 
572788176L, -1968969620L, 582698292L, 78178962L, -11301024L, 
-31130832L, 1823579993L, -1426574133L, 714728764L, 583938410L, 
1776688031L, -1473087959L, 1600239806L, 1489387948L, 1101627133L, 
439953991L, 1321519408L, 1609347662L, -494241157L, 510691805L, 
1469210634L, -1591828184L, 1127169937L, -1202130557L, 1479872132L, 
1364569266L, -949580793L, 1897158737L, 1375594454L, 1417782964L, 
1788131013L, 1330579471L, 996259976L, 842008998L, -1312591533L, 
1441415861L, -170772462L, -426280480L, 2125073481L, -1546044805L, 
1246298956L, -8894758L, -1221788977L, -283202919L, 816211630L, 
629683132L, 1914530861L, 129541079L, 798706208L, -459601026L, 
1796887883L, -701180083L, -1027023494L, -212426824L, -236362399L, 
777287955L, -1710100172L, 1988610882L, 401132375L, 42740385L, 
29420390L, -1136294556L, 1109069973L, -525459009L, 1931318616L, 
-30069898L, -100497021L, -2020414523L, -1828949790L, -1208482480L, 
1671586937L, -1877117013L, -206570212L, -1769858486L, 535051839L, 
1369920137L, -1130203490L, -1605680308L, 1375765277L, 416371367L, 
337828304L, 1972392302L, 1901870107L, 1115624829L, -202480790L, 
-1867565560L, 40897201L, -1042352861L, -1559828956L, 1848192210L, 
-1152586457L, 1989117809L, -1491491402L, -1744122540L, -2029573147L, 
155694575L, 526425384L, 1238805894L, 937142707L, 1003840789L, 
-219887758L, -1242242112L, 404628521L, -1900334949L, 946740588L, 
1485538682L, 1561585327L, -281702983L, 1966018510L, 2051161884L, 
1025928845L, -1885794569L, -230145536L, -1846424482L, 481406763L, 
-412910547L, 2143055002L, -671014824L, 1931511745L, -22116237L, 
766976404L, -421220318L, 804640567L, -690890239L, 1861346054L, 
752856900L, 600998517L, 424096735L, -1364576456L, 1319219478L, 
-1618498269L, 551632613L, -1855092990L, -676287120L, -861655783L, 
-1460034293L, 905348604L, -1542775254L, 1914652255L, -1097411095L, 
1466894078L, -473499924L, 395413053L, 2128426503L, -220718608L, 
-725284466L, 1951358907L, 1053706653L, 1543571274L, 36354920L, 
